---
# Latency Model
qdepth: 48
block_size: 4096
write_distribution:
  df: 4.6172529727561
  nc: 1.3599328106387603
  loc: 0.000778353827576716
  scale: 0.00010981169306936738
compaction:
    l0:
      duration: 174000  # micro seconds
      frequency: 125000
    l1:
      duration: 171000  # micro seconds
      frequency: 500000
    other_levels:
      duration: 137000  # micro seconds
      frequency: 500000